x=[319,319,319,319,319,320,320,320,320,320,320,320,320,320,320,320,320,320,320,320,320,320,320,320,320,320,320,320,320,320,320,320,320,320,320,320,320,320,320,320,320,320,320,320,320,320,320,320,320,320,320,320,320,320,320,320,320,320,320,320,320,320,320,320,320,320,320,320,320,320,320,320,320,320,320,320,320,320,320,320,320,320,320,320,320,320,320,320,320,320,320,320,320,320,320,320,320,320,320,320,];
y=[320,239,239,239,239,240,240,240,240,240,240,240,240,240,240,240,240,240,240,240,240,240,240,240,240,240,240,240,240,240,240,240,240,240,240,240,240,240,240,240,240,240,240,240,240,240,240,240,240,240,240,240,240,240,240,240,240,240,240,240,240,240,240,240,240,240,240,240,240,240,240,240,240,240,240,240,240,240,240,240,240,240,240,240,240,240,240,240,240,240,240,240,240,240,240,240,240,240,240,240,];
timexy=[0.000000,0.360666,0.531495,0.670921,0.726089,0.769293,0.846302,0.899025,0.970353,1.017146,1.070953,1.150232,1.237867,1.320563,1.404430,1.482949,1.569103,1.663439,1.763340,1.825624,1.899961,1.990044,2.072997,2.158188,2.242158,2.408397,2.494672,2.633093,2.725750,2.802063,2.874533,2.964894,3.017334,3.072254,3.157564,3.242125,3.327051,3.410306,3.507633,3.607735,3.691023,3.760854,3.905102,3.968763,4.059402,4.119577,4.206462,4.290516,4.332624,4.409824,4.498672,4.576901,4.651583,4.704197,4.785968,4.925634,5.010073,5.196868,5.327418,5.458320,5.602194,5.673304,5.750527,5.841516,5.917995,5.993782,6.077096,6.126580,6.202023,6.252115,6.337746,6.421851,6.498688,6.588596,6.754684,6.854778,6.965371,7.023952,7.092632,7.176636,7.260866,7.369155,7.457421,7.505428,7.576297,7.633203,7.718297,7.802047,7.883936,7.997545,8.106345,8.173864,8.489547,8.554717,8.674987,8.732997,8.806356,8.887116,8.973478,9.123997,];
theta=[-0.237740,-0.237740,-0.237740,-0.237740,-0.237740,-0.000000,-0.000000,-0.000000,-0.000000,-0.000000,-0.000000,-0.000000,-0.000000,-0.000000,-0.000000,-0.000000,-0.000000,-0.000000,-0.000000,-0.000000,-0.000000,-0.000000,-0.000000,-0.000000,-0.000000,-0.000000,-0.000000,-0.000000,-0.000000,-0.000000,-0.000000,-0.000000,-0.000000,-0.000000,-0.000000,-0.000000,-0.000000,-0.000000,-0.000000,-0.000000,-0.000000,-0.000000,-0.000000,-0.000000,-0.000000,-0.000000,-0.000000,-0.000000,-0.000000,-0.000000,-0.000000,-0.000000,-0.000000,-0.000000,-0.000000,-0.000000,-0.000000,-0.000000,-0.000000,-0.000000,-0.000000,-0.000000,-0.000000,-0.000000,-0.000000,-0.000000,-0.000000,-0.000000,-0.000000,-0.000000,-0.000000,-0.000000,-0.000000,-0.000000,-0.000000,-0.000000,-0.000000,-0.000000,-0.000000,-0.000000,-0.000000,-0.000000,-0.000000,-0.000000,-0.000000,-0.000000,-0.000000,-0.000000,-0.000000,-0.000000,-0.000000,-0.000000,-0.000000,-0.000000,-0.000000,-0.000000,-0.000000,-0.000000,-0.000000,-0.000000,];
